$ 1 0.000005 382.76258214399064 60 5 43 5e-11
r -16 144 64 144 0 10000
r -16 224 48 224 0 10000
r 64 224 64 288 0 5000
r 208 64 288 64 0 27000
r 512 224 512 304 0 47000
r 704 208 816 208 0 100000
r 560 112 640 112 0 47000
r 560 80 560 16 0 47000
c 208 16 288 16 0 2.1999999999999998e-11 -8.387436000433615 0.001
c 112 224 112 288 0 2.1999999999999998e-11 3.0242137958006 0.001
c 480 224 400 224 0 2.2e-7 -6.1679440165837995 0.001
174 368 176 368 256 1 100000 0.005 Resistance
409 208 176 288 176 1 0.6 -11.923304633384854 0.0231 0
409 560 208 672 208 1 0.6 -9.822190530587514 0.0231 0
w 208 160 208 64 0
w 208 64 208 16 0
w 288 16 288 64 0
w 288 176 288 64 0
w 288 176 368 176 0
w 400 224 384 224 0
w 512 224 480 224 0
w 560 224 512 224 0
w 560 192 560 112 0
w 640 112 672 112 0
w 672 208 672 112 0
w 704 208 672 208 0
w 560 192 560 80 0
g 512 304 512 352 0 0
g 368 272 368 336 0 0
g 560 16 560 -32 0 0
g 112 288 112 336 0 0
g 64 288 64 336 0 0
w 48 224 64 224 0
w 112 224 64 224 0
w 64 144 208 160 0
w 112 224 208 192 0
g 816 208 816 272 0 0
w -64 144 -16 144 0
w -64 224 -16 224 0
R -64 144 -128 144 0 1 120 0.1 0 0 0.5
R -96 224 -160 224 0 1 120 0.1 0 3.141592653589793 0.5
w -64 224 -96 224 0
g 240 208 240 272 0 0
g 608 240 608 320 0 0
r 112 224 256 368 0 10000
r 704 400 576 368 0 10000
w 704 400 512 224 0
R 544 464 480 448 0 0 40 6 0 0 0.5
w 544 464 576 368 0
R 240 144 240 112 0 0 40 12 0 0 0.5
R 608 176 608 144 0 0 40 12 0 0 0.5
R 256 368 320 384 0 0 40 12 0 0 0.5
o 5 128 0 4099 20 0.0001953125 0 2 5 3
o 18 128 0 4099 20 0.000390625 1 2 18 3
